Positive/1_sugbvBpTkDiJgOkxyI4xNw_1.jpg 24 38 63 57 61 167 63 56 52 306 60 55 63 412 58 58 64 539 44 58 74 672 50 52 61 794 51 57 64 931 46 53 76 34 245 55 59 164 238 52 69 298 235 55 73 408 236 62 66 530 252 73 66 675 256 53 55 789 254 63 63 932 256 60 62 38 451 55 56 161 439 66 63 310 442 55 60 409 438 62 68 539 431 58 69 676 435 46 61 796 431 52 69 936 429 48 75
Positive/2-2_2.jpg 1 263 371 472 426
Positive/45DCBDBD00000578-5035045-Microchip_maker_Nvidia_trained_their_software_using_images_from_-m-32_1509449987673_3.jpg 12 26 39 50 45 132 40 54 47 242 43 47 44 344 43 49 49 452 39 45 49 561 41 40 44 30 144 46 48 131 141 53 52 241 146 45 43 345 142 45 54 453 145 41 48 561 142 41 48
Positive/7311692d-3d9a-40ae-aee2-79d2c3c201d2_5.jpg 8 55 65 76 79 223 69 80 72 400 78 67 68 554 54 112 101 557 216 110 109 394 233 66 77 222 234 76 85 58 234 73 86
Positive/Positiveboyface0.jpg 1 155 232 196 204
Positive/Positiveboyface1.jpg 1 113 282 244 226
Positive/Positiveboyface10.jpg 1 167 247 158 168
Positive/Positiveboyface11.jpg 1 140 248 167 180
Positive/Positiveboyface12.jpg 1 153 255 215 233
Positive/Positiveboyface13.jpg 1 145 256 209 218
Positive/Positiveboyface14.jpg 1 131 184 207 215
Positive/Positiveboyface15.jpg 1 199 192 122 124
Positive/Positiveboyface16.jpg 1 157 174 152 174
Positive/Positiveboyface17.jpg 1 158 221 133 123
Positive/Positiveboyface18.jpg 1 192 172 204 207
Positive/Positiveboyface19.jpg 1 86 196 306 314
Positive/Positiveboyface2.jpg 1 137 267 205 178
Positive/Positiveboyface20.jpg 1 150 135 105 100
Positive/Positiveboyface21.jpg 1 80 169 252 280
Positive/Positiveboyface22.jpg 1 118 39 314 276
Positive/Positiveboyface23.jpg 1 163 141 161 155
Positive/Positiveboyface24.jpg 1 164 111 139 141
Positive/Positiveboyface25.jpg 1 206 172 141 158
Positive/Positiveboyface26.jpg 1 187 129 119 128
Positive/Positiveboyface27.jpg 1 124 37 232 247
Positive/Positiveboyface28.jpg 1 237 74 144 150
Positive/Positiveboyface29.jpg 1 138 211 192 187
Positive/Positiveboyface3.jpg 1 194 89 82 100
Positive/Positiveboyface30.jpg 1 135 93 96 127
Positive/Positiveboyface31.jpg 1 117 112 233 228
Positive/Positiveboyface32.jpg 1 172 139 145 141
Positive/Positiveboyface33.jpg 1 194 131 136 170
Positive/Positiveboyface34.jpg 1 182 180 185 263
Positive/Positiveboyface35.jpg 1 35 251 330 327
Positive/Positiveboyface36.jpg 1 62 147 188 237
Positive/Positiveboyface37.jpg 1 274 54 172 179
Positive/Positiveboyface38.jpg 1 147 255 184 228
Positive/Positiveboyface39.jpg 1 180 73 110 128
Positive/Positiveboyface4.jpg 1 112 220 158 189
Positive/Positiveboyface40.jpg 1 247 112 145 149
Positive/Positiveboyface41.jpg 1 169 123 147 130
Positive/Positiveboyface42.jpg 1 149 220 176 164
Positive/Positiveboyface43.jpg 1 168 297 132 128
Positive/Positiveboyface44.jpg 1 80 229 332 309
Positive/Positiveboyface45.jpg 1 77 248 225 218
Positive/Positiveboyface46.jpg 1 108 148 234 226
Positive/Positiveboyface47.jpg 1 281 71 182 206
Positive/Positiveboyface48.jpg 1 115 190 189 175
Positive/Positiveboyface49.jpg 1 188 85 115 124
Positive/Positiveboyface5.jpg 1 190 59 85 91
Positive/Positiveboyface50.jpg 1 195 161 228 279
Positive/Positiveboyface51.jpg 1 148 300 210 268
Positive/Positiveboyface52.jpg 1 123 164 221 240
Positive/Positiveboyface53.jpg 1 242 129 122 152
Positive/Positiveboyface54.jpg 1 145 123 160 145
Positive/Positiveboyface57.jpg 1 69 57 303 247
Positive/Positiveboyface58.jpg 1 160 87 185 190
Positive/Positiveboyface59.jpg 1 265 112 72 85
Positive/Positiveboyface6.jpg 1 163 177 230 227
Positive/Positiveboyface60.jpg 1 193 114 155 154
Positive/Positiveboyface61.jpg 1 108 101 199 181
Positive/Positiveboyface62.jpg 1 102 205 303 304
Positive/Positiveboyface63.jpg 1 151 126 151 138
Positive/Positiveboyface64.jpg 1 173 88 159 159
Positive/Positiveboyface65.jpg 1 132 139 229 264
Positive/Positiveboyface66.jpg 1 173 138 129 133
Positive/Positiveboyface67.jpg 1 181 62 96 97
Positive/Positiveboyface68.jpg 1 130 60 213 208
Positive/Positiveboyface69.jpg 1 231 98 166 148
Positive/Positiveboyface7.jpg 1 140 194 171 132
Positive/Positiveboyface70.jpg 1 171 168 155 219
Positive/Positiveboyface71.jpg 1 195 100 100 136
Positive/Positiveboyface72.jpg 1 174 161 111 150
Positive/Positiveboyface73.jpg 1 172 134 104 112
Positive/Positiveboyface74.jpg 1 186 118 142 149
Positive/Positiveboyface75.jpg 1 84 142 167 179
Positive/Positiveboyface76.jpg 1 241 28 132 163
Positive/Positiveboyface77.jpg 1 118 92 174 191
Positive/Positiveboyface78.jpg 1 205 102 137 131
Positive/Positiveboyface79.jpg 1 136 76 165 167
Positive/Positiveboyface8.jpg 1 130 148 204 267
Positive/Positiveboyface80.jpg 1 89 108 199 155
Positive/Positiveboyface81.jpg 1 94 211 196 200
Positive/Positiveboyface82.jpg 1 121 162 195 208
Positive/Positiveboyface83.jpg 1 73 104 119 106
Positive/Positiveboyface84.jpg 1 66 204 181 202
Positive/Positiveboyface85.jpg 1 68 69 241 192
Positive/Positiveboyface87.jpg 1 112 33 213 209
Positive/Positiveboyface88.jpg 1 64 277 234 295
Positive/Positiveboyface89.jpg 1 123 192 196 190
Positive/Positiveboyface9.jpg 1 177 127 131 148
Positive/Positiveboyface90.jpg 1 13 100 334 402
Positive/Positiveboyface91.jpg 1 97 211 213 218
Positive/Positiveboyface92.jpg 1 168 87 115 153
Positive/Positiveboyface93.jpg 1 199 47 94 113
Positive/Positiveboyface94.jpg 1 127 146 231 253
Positive/Positiveboyface95.jpg 1 207 129 184 199
Positive/Positiveboyface96.jpg 1 148 104 195 185
Positive/Positiveboyface97.jpg 1 119 129 189 254
Positive/Positiveboyface98.jpg 1 190 65 134 164
Positive/Positiveboyface99.jpg 1 149 152 177 189
Positive/ai-computer-generated-photos-6_6.jpg 41 176 29 71 78 309 31 53 77 421 45 59 54 551 44 53 65 660 43 58 59 50 163 62 65 188 167 44 64 304 173 59 55 419 169 63 55 547 170 66 57 659 171 64 54 50 280 58 64 179 279 59 74 300 283 54 65 429 292 46 47 545 284 71 69 665 278 52 68 56 411 57 51 179 411 60 56 306 409 48 56 426 409 59 55 548 404 60 72 663 407 57 67 58 529 53 66 188 533 49 66 306 535 48 56 418 537 65 57 543 538 47 46 660 536 61 59 61 657 52 59 177 650 70 74 301 646 54 64 422 652 54 59 523 650 89 65 652 648 70 66 58 773 55 58 179 777 56 64 294 778 60 64 423 777 48 58 541 776 54 60 654 774 77 67
Positive/bezosmusk2.0_7.jpg 74 0 55 63 79 79 55 87 87 188 50 86 98 306 48 84 103 412 47 85 106 532 47 72 102 615 51 69 96 724 45 69 110 822 49 86 95 931 47 96 98 1038 49 97 101 1 152 65 106 77 157 97 101 193 156 83 104 290 154 98 105 388 160 114 95 508 146 86 106 629 151 72 108 736 151 73 111 822 158 82 97 938 153 88 101 1051 154 82 107 76 256 92 112 189 255 80 105 282 265 104 105 396 253 96 110 505 257 96 110 616 258 82 106 727 261 73 103 831 256 86 110 936 260 89 103 1044 262 86 109 79 370 88 102 192 359 89 111 280 367 95 109 395 366 94 104 503 370 83 103 615 361 85 109 715 365 80 103 829 366 86 103 934 364 75 106 1047 367 67 106 0 478 67 101 74 477 99 102 187 474 95 110 294 477 90 102 400 470 89 107 510 475 88 104 618 473 74 103 731 470 65 103 832 472 86 107 940 473 71 105 1048 470 71 105 0 579 65 106 75 582 99 110 185 586 92 109 280 586 86 102 393 576 82 109 503 579 76 103 607 580 79 99 718 577 80 112 823 582 86 99 930 577 95 118 1035 581 99 108 73 693 97 106 185 686 93 107 287 689 93 101 396 683 83 110 507 689 84 97 627 684 84 104 722 687 96 105 831 684 87 106 937 685 93 103 1040 689 91 99
Positive/external-content.duckduckgo_8.jpg 10 43 58 36 55 182 62 35 49 304 73 38 43 426 53 44 42 36 234 36 53 179 228 34 43 299 228 33 49 44 408 41 44 190 400 39 54 308 396 39 47
Positive/face0_9.jpg 1 92 113 330 326
Positive/face10_19.jpg 1 134 47 146 160
Positive/face11_20.jpg 1 78 141 320 380
Positive/face12_21.jpg 1 182 178 186 230
Positive/face13_22.jpg 1 86 127 336 354
Positive/face14_23.jpg 1 132 181 246 302
Positive/face15_24.jpg 1 188 93 153 165
Positive/face16_25.jpg 1 69 83 337 344
Positive/face18_26.jpg 1 202 71 153 161
Positive/face19_27.jpg 1 145 32 145 146
Positive/face1_10.jpg 1 162 103 166 174
Positive/face20_28.jpg 1 78 181 301 325
Positive/face21_29.jpg 1 185 59 92 109
Positive/face22_30.jpg 1 84 97 149 179
Positive/face23_31.jpg 1 230 61 117 124
Positive/face24_32.jpg 1 95 293 291 252
Positive/face25_33.jpg 1 157 65 286 274
Positive/face26_34.jpg 1 151 293 128 131
Positive/face27_35.jpg 1 54 60 116 128
Positive/face28_36.jpg 1 134 264 168 192
Positive/face29_37.jpg 1 101 10 262 232
Positive/face2_11.jpg 1 205 220 146 193
Positive/face30_38.jpg 1 211 48 138 154
Positive/face31_39.jpg 1 135 133 218 208
Positive/face33_41.jpg 1 147 33 197 248
Positive/face34_42.jpg 1 43 33 58 63
Positive/face35_43.jpg 1 173 44 232 223
Positive/face36_44.jpg 1 24 3 72 80
Positive/face37_45.jpg 1 81 77 122 149
Positive/face38_46.jpg 2 45 97 96 112 133 255 24 38
Positive/face39_47.jpg 1 172 133 132 158
Positive/face3_12.jpg 1 32 52 278 295
Positive/face40_48.jpg 1 156 118 149 149
Positive/face41_49.jpg 1 90 182 241 253
Positive/face42_50.jpg 1 93 224 204 205
Positive/face43_51.jpg 1 136 226 245 330
Positive/face44_52.jpg 1 91 167 257 295
Positive/face45_53.jpg 1 92 195 246 273
Positive/face46_54.jpg 1 255 21 173 258
Positive/face47_55.jpg 1 88 219 262 281
Positive/face48_56.jpg 1 142 174 166 166
Positive/face49_57.jpg 1 154 159 211 266
Positive/face4_13.jpg 1 179 159 139 193
Positive/face50_58.jpg 1 62 151 308 341
Positive/face51_59.jpg 1 133 217 253 322
Positive/face52_60.jpg 1 43 77 80 70
Positive/face53_61.jpg 1 85 202 313 382
Positive/face54_62.jpg 1 147 73 77 93
Positive/face55_63.jpg 1 74 230 281 285
Positive/face56_64.jpg 1 93 239 285 303
Positive/face57_65.jpg 1 132 214 193 198
Positive/face58_66.jpg 2 48 36 167 207 288 44 166 207
Positive/face59_67.jpg 1 137 100 112 104
Positive/face5_14.jpg 1 35 46 90 96
Positive/face60_68.jpg 1 94 165 257 332
Positive/face61_69.jpg 1 177 103 97 100
Positive/face62_70.jpg 1 90 130 194 255
Positive/face63_71.jpg 1 77 178 261 311
Positive/face64_72.jpg 1 157 190 163 180
Positive/face65_73.jpg 1 123 281 253 313
Positive/face66_74.jpg 1 93 193 303 383
Positive/face67_75.jpg 1 125 103 212 223
Positive/face68_76.jpg 1 171 84 157 164
Positive/face69_77.jpg 1 89 184 204 259
Positive/face6_15.jpg 1 93 132 286 311
Positive/face70_78.jpg 1 187 33 110 137
Positive/face71_79.jpg 1 135 111 188 201
Positive/face72_80.jpg 1 156 48 184 204
Positive/face73_81.jpg 1 73 37 62 97
Positive/face74_82.jpg 1 203 128 206 254
Positive/face76_84.jpg 1 126 85 182 213
Positive/face77_85.jpg 1 55 42 298 305
Positive/face78_86.jpg 1 200 129 206 214
Positive/face79_87.jpg 1 94 56 260 298
Positive/face7_16.jpg 1 92 179 284 292
Positive/face80_88.jpg 1 105 250 221 274
Positive/face81_89.jpg 1 64 14 358 250
Positive/face82_90.jpg 2 113 44 78 89 214 88 85 91
Positive/face83_91.jpg 1 36 66 83 81
Positive/face84_92.jpg 1 123 29 201 229
Positive/face85_93.jpg 1 69 227 248 335
Positive/face86_94.jpg 1 109 100 278 350
Positive/face87_95.jpg 1 120 248 264 308
Positive/face88_96.jpg 1 158 251 196 314
Positive/face89_97.jpg 1 71 158 344 370
Positive/face8_17.jpg 1 83 57 188 198
Positive/face90_98.jpg 1 86 170 290 314
Positive/face91_99.jpg 1 55 133 372 418
Positive/face93_101.jpg 1 137 138 165 232
Positive/face94_102.jpg 1 63 275 349 415
Positive/face95_103.jpg 1 59 127 361 406
Positive/face96_104.jpg 1 139 88 126 122
Positive/face97_105.jpg 1 83 88 291 342
Positive/face98_106.jpg 1 99 230 294 308
Positive/face99_107.jpg 1 68 111 171 243
Positive/face9_18.jpg 1 73 217 300 339
Positive/face-ai-Cropped_108.jpg 60 4 4 64 59 84 4 59 63 171 2 51 68 248 5 55 60 333 4 48 61 411 7 53 61 494 1 49 65 571 7 62 59 653 6 59 61 741 7 56 57 9 83 61 61 91 86 50 59 176 82 60 65 255 86 65 64 324 86 67 64 411 83 57 63 494 90 49 65 564 83 51 60 656 81 48 62 734 89 53 57 6 153 61 75 95 155 57 66 164 157 76 75 252 153 56 69 329 164 54 61 410 153 62 75 485 158 68 72 573 161 66 74 653 151 58 79 727 169 67 56 6 242 62 65 94 242 64 71 172 234 69 72 255 243 57 65 327 231 66 81 404 246 61 61 491 232 59 76 573 243 58 68 649 241 53 62 722 247 67 58 17 315 52 72 81 317 64 73 170 309 52 73 254 323 46 67 331 321 61 67 416 317 57 66 489 322 59 61 562 319 69 70 654 323 49 59 726 328 59 59 5 401 54 47 88 393 58 56 166 399 59 49 243 411 61 38 327 399 54 50 423 397 42 52 491 407 47 41 574 407 46 42 657 404 52 44 737 403 49 46
Positive/free-ai-generated-photos.jpg 136 18 20 42 48 104 23 38 47 177 25 36 44 263 27 38 36 347 27 39 42 421 25 39 40 505 27 33 38 576 28 45 35 658 24 36 49 738 26 39 43 816 18 41 51 904 21 35 49 986 24 34 43 1056 22 46 44 1138 22 44 39 21 107 35 41 95 101 34 49 174 107 49 45 258 102 39 46 348 105 34 42 414 107 45 45 499 105 40 43 578 104 42 47 662 106 39 38 742 101 33 45 815 98 42 55 889 103 51 43 982 102 41 47 1058 98 48 53 1137 108 39 42 20 186 39 40 101 181 45 49 182 186 39 44 258 181 38 50 342 180 34 50 414 185 46 44 500 184 42 50 571 182 50 48 659 185 42 46 738 183 45 45 822 184 33 44 900 177 45 55 967 181 48 47 1047 184 49 45 1140 173 35 53 21 262 42 44 20 343 38 43 20 423 40 46 17 496 41 52 18 587 40 41 16 657 49 53 101 258 39 56 176 265 44 46 259 261 41 47 341 259 39 52 418 263 36 40 501 264 37 50 571 255 49 49 657 258 39 48 744 258 42 53 826 267 31 43 890 268 51 41 987 258 32 60 1052 265 43 46 1133 265 48 44 92 347 48 46 168 341 52 52 253 340 46 51 337 343 40 50 419 345 41 45 496 341 36 52 576 346 45 46 659 345 39 50 735 342 44 50 813 343 46 46 903 337 42 54 974 343 40 44 101 428 39 33 102 496 40 52 106 582 36 41 99 665 39 47 175 589 47 40 173 662 47 47 182 503 37 49 183 426 35 44 261 420 41 56 1056 349 50 43 1140 349 41 39 339 425 48 50 411 421 50 53 501 414 45 57 583 415 42 57 654 423 45 43 738 428 45 42 817 421 39 48 897 424 47 44 979 423 45 49 1058 425 38 42 1142 418 39 48 255 503 47 52 337 496 43 57 422 499 41 57 503 499 59 59 582 503 52 53 647 502 50 46 743 501 43 52 815 481 48 68 898 497 35 51 962 488 62 67 1050 504 46 45 1139 507 49 42 260 582 45 55 333 582 54 51 418 579 50 51 502 580 44 55 582 586 42 41 654 587 44 43 735 581 48 51 735 581 48 51 816 581 39 47 898 581 35 42 965 574 49 60 1054 579 40 44 1131 585 47 48 258 661 39 57 333 654 45 59 417 657 43 58 501 654 43 55 576 663 52 53 654 663 41 48 738 663 38 47 814 660 49 48 900 657 45 61 979 662 44 47 1058 663 47 49 1136 651 39 60
Positive/maxresdefault_109.jpg 24 121 12 129 140 311 18 100 148 488 19 126 145 667 16 117 137 866 9 115 155 1028 14 138 135 112 205 136 136 311 191 120 150 497 205 121 124 678 198 112 128 836 207 144 116 1015 201 130 127 112 388 139 136 305 378 121 143 477 386 139 134 658 378 141 134 851 379 123 132 1037 388 108 132 113 561 141 141 302 561 112 122 485 570 140 129 659 579 132 119 838 573 134 123 1018 577 141 131
Positive/shirt0.jpg 1 220 44 38 48
Positive/shirt12.jpg 1 171 76 87 93
Positive/shirt16.jpg 1 211 40 53 63
Positive/shirt17.jpg 1 179 138 73 81
Positive/shirt18.jpg 1 234 58 88 112
Positive/shirt22.jpg 1 201 44 92 104
Positive/shirt27.jpg 1 187 70 96 78
Positive/shirt33.jpg 1 149 58 61 77
Positive/shirt35.jpg 1 196 59 79 105
Positive/shirt36.jpg 1 207 89 93 77
Positive/shirt38.jpg 1 172 57 90 103
Positive/shirt4.jpg 1 192 121 91 97
Positive/shirt46.jpg 1 190 77 73 94
Positive/shirt49.jpg 1 153 98 89 106
Positive/shirt51.jpg 1 177 95 81 74
Positive/shirt56.jpg 1 196 62 74 91
Positive/shirt57.jpg 1 212 75 105 112
Positive/shirt58.jpg 1 251 58 62 85
Positive/shirt59.jpg 1 197 61 92 89
Positive/shirt61.jpg 1 210 71 52 73
Positive/shirt64.jpg 1 178 37 73 71
Positive/shirt66.jpg 1 168 79 100 92
Positive/shirt67.jpg 1 192 64 74 74
Positive/shirt73.jpg 1 188 133 78 94
Positive/shirt78.jpg 1 190 54 72 74
Positive/shirt79.jpg 1 197 64 87 97
Positive/shirt80.jpg 1 229 56 54 84
Positive/shirt85.jpg 1 184 165 73 89
Positive/shirt89.jpg 1 195 103 93 91
Positive/shirt9.jpg 1 191 88 78 85
Positive/shirt91.jpg 1 201 73 86 87
Positive/shirt92.jpg 1 188 66 83 92
Positive/shirt94.jpg 1 208 116 67 81
Positive/shirt96.jpg 1 190 86 72 69
Positive/shirt97.jpg 1 223 79 81 95
Positive/wall-tfoe_110.jpg 3 164 238 259 337 668 215 255 321 1203 261 259 295
Positive/1627344039.5881767.jpg 1 218 156 195 200
Positive/1627344053.2035863.jpg 1 202 148 181 209
Positive/1627344054.4021273.jpg 1 295 145 184 230
Positive/1627344056.5960839.jpg 1 419 168 177 206
Positive/1627344060.596664.jpg 1 170 104 188 205
Positive/1627344131.9306998.jpg 1 213 122 208 272
Positive/1627344133.414997.jpg 1 187 142 207 267
Positive/1627344134.5005305.jpg 1 182 136 223 218
Positive/1627344136.613041.jpg 1 186 123 195 239
Positive/1627344138.7072814.jpg 1 185 140 186 219
Positive/1627344140.7075813.jpg 1 206 106 179 197
Positive/1627344142.708405.jpg 1 206 123 200 237
Positive/1627344145.2080467.jpg 1 239 113 194 232
Positive/1627344147.7033045.jpg 1 197 86 178 258
Positive/1627344154.7103379.jpg 1 238 217 144 166
Positive/1627344157.5115643.jpg 1 245 147 118 133
Positive/1627344176.7129953.jpg 1 321 170 150 173
Positive/1627344177.9098358.jpg 2 109 104 128 155 339 157 152 200
Positive/1627344179.4150803.jpg 1 103 107 131 156
Positive/1627344182.71192.jpg 2 290 139 122 166 453 153 148 170
Positive/1627344184.0064785.jpg 2 268 135 166 217 473 154 159 193
Positive/1627344186.2169695.jpg 2 480 154 148 212 263 118 158 192
Positive/1627344187.1129978.jpg 2 209 117 163 191 473 166 155 203
Positive/1627344187.9076862.jpg 1 196 94 135 180
Positive/1627344188.7133586.jpg 1 220 87 186 177
Positive/1627344189.512007.jpg 1 208 100 148 173
Positive/1627344190.522212.jpg 1 219 86 164 193
Positive/1627344191.6133356.jpg 2 220 143 185 189 475 177 155 201
Positive/1627344192.807781.jpg 2 174 161 193 217 462 181 170 215
Positive/1627344194.920805.jpg 2 65 120 256 265 451 202 187 236
Positive/1627344197.3204503.jpg 1 312 193 191 233
Positive/1627344199.1108425.jpg 1 302 178 205 234
Positive/1627344200.3109803.jpg 1 304 173 177 233
Positive/1627344202.4226665.jpg 1 277 150 186 227
Positive/1627344202.9233456.jpg 1 283 163 182 213
Positive/1627344203.8162663.jpg 1 278 146 190 232
Positive/1627344205.3219786.jpg 1 192 156 192 189
Positive/1627344206.5174496.jpg 1 288 130 182 211
Positive/1627344207.9314668.jpg 1 316 56 158 195
Positive/1627344210.4202547.jpg 1 307 32 152 156
Positive/1627344212.3115249.jpg 1 298 160 149 158
Positive/1627344214.710098.jpg 1 245 97 137 196
Positive/1627344215.7207563.jpg 1 323 51 150 209
Positive/1627344219.9130414.jpg 1 333 162 76 98
Positive/1627344222.2221308.jpg 1 331 150 88 100
Positive/dark0.jpg 1 98 65 215 202
Positive/dark1.jpg 1 167 163 227 282
Positive/dark10.jpg 1 134 55 219 249
Positive/dark11.jpg 1 91 202 301 347
Positive/dark12.jpg 1 58 201 235 259
Positive/dark13.jpg 1 107 194 278 294
Positive/dark14.jpg 1 162 55 185 188
Positive/dark15.jpg 1 104 225 270 301
Positive/dark16.jpg 1 142 178 224 215
Positive/dark17.jpg 1 125 221 265 270
Positive/dark18.jpg 1 76 255 323 308
Positive/dark19.jpg 1 158 127 188 229
Positive/dark2.jpg 1 92 115 216 260
Positive/dark20.jpg 1 199 33 194 223
Positive/dark21.jpg 1 94 210 275 322
Positive/dark22.jpg 1 116 112 236 249
Positive/dark23.jpg 1 132 32 209 222
Positive/dark25.jpg 1 152 148 224 208
Positive/dark26.jpg 1 129 178 191 187
Positive/dark27.jpg 1 40 103 152 170
Positive/dark28.jpg 1 127 178 206 226
Positive/dark29.jpg 1 120 266 224 250
Positive/dark30.jpg 1 182 64 131 141
Positive/dark31.jpg 1 105 48 260 322
Positive/dark32.jpg 1 121 118 173 179
Positive/dark35.jpg 1 118 156 207 228
Positive/dark36.jpg 1 69 219 326 310
Positive/dark37.jpg 1 144 180 201 239
Positive/dark38.jpg 1 160 129 225 275
Positive/dark39.jpg 1 165 187 227 240
Positive/dark4.jpg 1 92 227 282 334
Positive/dark40.jpg 1 115 216 231 277
Positive/dark41.jpg 1 128 191 197 190
Positive/dark42.jpg 1 100 228 258 281
Positive/dark43.jpg 1 123 169 275 313
Positive/dark44.jpg 1 98 50 163 183
Positive/dark45.jpg 1 73 175 310 348
Positive/dark46.jpg 1 161 214 243 295
Positive/dark47.jpg 1 80 246 312 334
Positive/dark48.jpg 1 100 88 287 283
Positive/dark49.jpg 1 131 200 189 230
Positive/dark5.jpg 1 107 114 270 281
Positive/dark50.jpg 1 132 169 195 196
Positive/dark51.jpg 1 110 134 251 264
Positive/dark52.jpg 1 87 182 288 338
Positive/dark53.jpg 1 76 253 240 227
Positive/dark54.jpg 1 28 84 395 460
Positive/dark55.jpg 1 146 160 177 198
Positive/dark56.jpg 1 103 206 255 272
Positive/dark57.jpg 1 85 179 317 346
Positive/dark58.jpg 1 155 223 222 238
Positive/dark59.jpg 1 157 203 196 183
Positive/dark6.jpg 1 193 16 227 249
Positive/dark60.jpg 1 271 78 106 105
Positive/dark61.jpg 1 129 131 153 191
Positive/dark62.jpg 1 123 146 230 264
Positive/dark63.jpg 1 116 199 219 208
Positive/dark64.jpg 1 3 10 470 577
Positive/dark66.jpg 1 138 225 205 237
Positive/dark68.jpg 1 135 211 234 220
Positive/dark69.jpg 1 62 12 322 351
Positive/dark7.jpg 1 94 197 299 355
Positive/dark70.jpg 1 152 232 198 179
Positive/dark71.jpg 1 129 119 195 225
Positive/dark72.jpg 1 242 117 157 207
Positive/dark73.jpg 1 103 215 283 345
Positive/dark74.jpg 1 143 125 115 137
Positive/dark75.jpg 1 108 162 238 266
Positive/dark76.jpg 1 161 236 184 188
Positive/dark77.jpg 1 84 211 227 248
Positive/dark78.jpg 1 108 165 160 192
Positive/dark79.jpg 1 197 138 207 218
Positive/dark8.jpg 1 96 205 273 328
Positive/dark80.jpg 1 92 149 229 307
Positive/dark81.jpg 1 137 202 204 237
Positive/dark82.jpg 1 138 144 108 144
Positive/dark83.jpg 1 120 181 238 316
Positive/dark84.jpg 1 139 197 208 208
Positive/dark85.jpg 1 157 171 155 149
Positive/dark86.jpg 1 127 156 214 195
Positive/dark87.jpg 1 202 140 161 193
Positive/dark88.jpg 1 46 0 292 267
Positive/dark89.jpg 0
Positive/dark9.jpg 1 176 42 171 191
Positive/dark90.jpg 1 131 225 220 241
Positive/dark91.jpg 1 130 238 212 239
Positive/dark92.jpg 1 132 154 196 220
Positive/dark93.jpg 1 163 224 195 226
Positive/dark94.jpg 1 51 30 148 176
Positive/dark95.jpg 1 117 114 302 316
Positive/dark96.jpg 1 133 167 173 202
Positive/dark97.jpg 1 185 97 238 265
Positive/dark98.jpg 1 133 57 111 124
Positive/dark99.jpg 1 132 160 178 205
